-2141529089
-2134711603
-2119267328
-2111537073
-2095570938
-2075900912
-2070796940
-2064088452
-2062744018
-2057174706
-2042151829
-2012931743
-1993147005
-1974813624
-1972448292
-1921156428
-1905277818
-1882666321
-1841104134
-1798724483
-1787968875
-1779684901
-1778635941
-1769201261
-1765050415
-1737206619
-1729743096
-1720277577
-1713659203
-1671222398
-1623032591
-1610287295
-1585968155
-1571745017
-1561397871
-1555240105
-1536611591
-1523128432
-1521753188
-1510214592
-1487426524
-1485698437
-1484566073
-1429846745
-1415879429
-1413398772
-1411595378
-1410732884
-1403042384
-1399582789
-1381773138
-1295965496
-1294431663
-1292756587
-1264200875
-1217481351
-1212353482
-1210639953
-1179919819
-1175746148
-1152421989
-1100634524
-1088875212
-1082352049
-1080448621
-1042145217
-1033851037
-1033200382
-993352494
-967119984
-961244548
-935661150
-932818286
-920931887
-871119592
-870054063
-844282521
-834774948
-834253089
-814682414
-809803339
-807062841
-804629172
-783696614
-777019955
-731837401
-720248311
-698316314
-659103747
-657496505
-636962205
-621232055
-586730128
-574867928
-569599374
-563361221
-555388513
-540151182
-520332437
-503545651
-479256007
-431998635
-402546317
-376541877
-364227241
-347825286
-345016067
-335891503
-305990618
-288414833
-288054447
-266367918
-258542582
-231803579
-220515618
-204711168
-136328434
-131515389
-55137910
-52587895
-46880693
-40043451
-34357699
24270913
47383943
85839751
116613820
151519897
180810021
243001240
255563674
257264341
266541416
270928976
286243090
299874542
304547336
316438001
318972030
373003554
381715580
383087660
387128710
395455575
400597597
400996779
425850330
438291594
450325495
468290192
472299445
474271350
494792960
513765670
531517183
564030617
571827187
575908625
581224693
586094545
601935621
646970203
650139905
651447928
681452124
691072909
694605298
700912972
703751536
727756973
736266256
736474297
817497360
843567446
918140160
922286183
985815416
1000034696
1004603565
1048011119
1087895163
1090272652
1090472087
1115163371
1147894094
1201750536
1226251665
1234896401
1240476634
1275066748
1277458157
1289516229
1302535967
1309886656
1314012162
1369590589
1373404622
1384187500
1390223576
1394995529
1410502199
1421904627
1431627086
1432525762
1482783740
1518198452
1540766205
1548105040
1553780950
1555426593
1557879162
1558478430
1565949634
1583664747
1594403757
1636409697
1665604977
1675669797
1703706085
1707612011
1771678792
1804954160
1807526953
1818629860
1863530695
1878888588
1902858512
1906436469
1941171363
1999756188
2000239513
2033250539
2105279985
2111933140
2139285596
2140611762