-2145458702
-2124934629
-2119457349
-2062892389
-2041334180
-2019529164
-2007268169
-1985477719
-1957936895
-1957056269
-1952338354
-1936411596
-1909456214
-1904832776
-1899652076
-1899172003
-1893237991
-1889381667
-1882118221
-1843268483
-1819937545
-1817698398
-1815659431
-1776314632
-1769983671
-1769918213
-1685691075
-1647153108
-1626052363
-1618163269
-1608483393
-1593137317
-1550605362
-1529131105
-1528031720
-1523218714
-1521527211
-1520281928
-1510559252
-1503740260
-1489072490
-1482228215
-1475400748
-1470488288
-1466747726
-1460732724
-1435410937
-1429225680
-1397228521
-1395183696
-1367353963
-1347536551
-1340733092
-1336003162
-1331964195
-1315473280
-1313560938
-1288379563
-1281943625
-1277830265
-1271116907
-1262519663
-1234064004
-1225912539
-1220364112
-1208698006
-1200158675
-1185256206
-1160516778
-1156292571
-1156051971
-1151793915
-1134580894
-1113370534
-1107486379
-1088797741
-1073530432
-1066872679
-1041817742
-1040006701
-1025355098
-1020558369
-1020545584
-1018097991
-1005303286
-999439096
-996878529
-975537397
-964075912
-945119475
-939951830
-937069444
-905868741
-893961943
-877925442
-865809845
-857286416
-843054663
-813658989
-801681687
-801353854
-778691295
-754260399
-722409417
-720879036
-700890852
-699488552
-673091656
-662463781
-660752066
-653270153
-650823762
-649787125
-645298748
-618395003
-614405736
-600445912
-599376122
-567639064
-538382340
-498532852
-489726881
-478030141
-477910105
-477409973
-475494491
-474813193
-445688330
-435478542
-426362286
-423631107
-387861022
-366364536
-353812845
-351239139
-332832069
-312902822
-298121091
-286619284
-264648715
-260695768
-257634537
-245369082
-218563112
-218005730
-216645920
-194004927
-190758954
-174249394
-142156046
-138573423
-85745013
-73613350
-63577620
-57561599
-42251360
-38849801
-32359839
5911785
20958301
37540359
40545689
52856987
55782888
63218630
73844521
84309042
85898119
130237451
135336201
194917510
220552290
264173400
266713929
280332541
318699844
342072894
349163389
349812382
404292552
412261875
420804800
421213240
428159063
435680237
442131030
513963149
519649897
530221390
535777976
569134938
569932651
576066437
595489816
627566418
645599285
666974582
667845990
693209062
696381609
702500167
707210325
716667280
726241378
750166151
759493075
760998468
794244320
808364484
813770632
827812336
848792792
856383321
880184722
881325632
882358166
882502085
892496303
913825493
936796369
951870793
957197656
957315236
963544468
968569464
982589382
991591672
998343991
999905790
1001010169
1008728172
1014754942
1020883295
1034949636
1039327604
1039820323
1039970525
1046295650
1076367243
1082498353
1114467250
1122349257
1125368083
1131490230
1158629804
1166505784
1183928984
1187805367
1190315661
1203075329
1241218672
1241595004
1242597717
1247550560
1248091891
1304379432
1311575753
1364797175
1365198414
1365876376
1373929755
1379740853
1393770479
1395624720
1403708123
1403765676
1457631207
1526421868
1537048179
1538602843
1540848995
1541155911
1544079508
1545053452
1560222080
1561153341
1588104468
1610703863
1612305457
1629914637
1663275756
1670047904
1671562962
1690898620
1713264424
1724301288
1733120667
1744407762
1781639477
1785972862
1808264420
1856500195
1863861031
1869616981
1870394812
1885874507
1906899288
1927110097
1927937570
1931080828
1971953896
1976113367
1989210610
2003633407
2003815129
2005195477
2017140716
2026283587
2036888646
2048583651
2055595512
2057587944
2060458373
2061561074
2075605824
2109130340
2123941520
2133411724