-2035751066
-2009260792
-1960456352
-1854996425
-1593542597
-1480567254
-1441351714
-1401390055
-1296505219
-1238276463
-1081275434
-1026502204
-969858985
-913595941
-857422814
-669922839
-614021756
-502767923
-488756062
-466105302
-428269867
-394035518
-328064353
-319176755
-232754770
-192402559
-162970922
-118516487
-112431936
-105714653
-98676713
241961857
318847640
330482382
415380944
448355484
468074837
780214591
798584327
819557526
856054075
1042899675
1234905495
1335169812
1371070588
1417491922
1443243725
1516372516
1569138719
1691887560
1744373767
1944216352
1997910277
2029960669