-2063702022
-2050472567
-2040695744
-2030773536
-2029074337
-2028522665
-2018768650
-2016302253
-1993403575
-1960358822
-1907879180
-1887734486
-1885315677
-1868804320
-1848360088
-1828578086
-1783616559
-1779249092
-1738867497
-1732733819
-1732033191
-1713881631
-1705170254
-1676758135
-1675716451
-1666768524
-1639862712
-1601134463
-1565998296
-1558728206
-1550941700
-1523305772
-1514799994
-1502609312
-1464187006
-1445579479
-1425761814
-1371696851
-1370296575
-1316048611
-1296039761
-1281152066
-1264491494
-1259612089
-1192362466
-1167464097
-1138993109
-1118285765
-1077586106
-1033156107
-1024681543
-1023989332
-966865440
-926044601
-924704364
-896346487
-891068291
-884858509
-869865721
-833148424
-800026345
-770458662
-761185009
-733076439
-723665170
-679663141
-667123779
-661648805
-650148056
-649993797
-609586673
-596591857
-579215432
-524782877
-524217415
-503935814
-489369386
-470237973
-454034614
-443655324
-425446795
-409455878
-406193085
-395159136
-332852535
-294594382
-283723061
-268549868
-236840260
-233146143
-225707589
-196268696
-195396669
-176645787
-118350471
-115347833
-112909217
-110249803
-106981091
-104864105
-65485047
37230966
51044899
54865717
74967520
85317174
110255591
213293012
242889661
248371081
329031224
348172803
367326985
390676286
451654851
476369157
512947055
515363751
517360032
581277828
591471805
618853212
633960744
662593054
686761321
724275857
744083937
800137073
827252652
898899255
902382104
924763496
927677023
937770004
941804883
1000659307
1002038721
1049071819
1109552826
1111324618
1142449877
1148232026
1184816957
1187715754
1189558254
1190513337
1193946841
1246563778
1268896845
1278630941
1301312815
1395122128
1409708428
1410089224
1411003617
1415345822
1422358644
1444056339
1501730628
1517054386
1520755178
1538505882
1552460445
1566468050
1587734152
1640348485
1664044437
1678608464
1691712863
1746531179
1768787822
1775226616
1779199850
1812504267
1815736864
1862584021
1865585364
1891675037
1898682146
1899704805
1904137092
1923696650
1932366398
1952725923
1974356425
1976380631
1998605101
2027359288