-2147042280
-2141203951
-2141150063
-2140229759
-2139850869
-2139727624
-2138801207
-2138335108
-2126573580
-2121103775
-2114779017
-2114677912
-2113425521
-2112589917
-2112427656
-2108239256
-2107050582
-2106680369
-2105849933
-2096332652
-2095389728
-2091663479
-2085049276
-2083754919
-2081652130
-2078084461
-2077197883
-2074318199
-2070921538
-2069488050
-2067455115
-2059495587
-2051779387
-2050671658
-2048690316
-2046047654
-2025774593
-2020661175
-2014632938
-2014246620
-2010772016
-2008508512
-2005890348
-2005416551
-2003515252
-2002909013
-1998135568
-1991068710
-1988036327
-1986914467
-1980602716
-1978705169
-1978003241
-1972262008
-1965677812
-1965175265
-1964427499
-1963282854
-1960669163
-1954438215
-1935574610
-1922680889
-1918951625
-1912559898
-1912281071
-1905383858
-1901613522
-1898206401
-1897309883
-1883936571
-1882648373
-1878286369
-1876784578
-1875478896
-1867218887
-1856266638
-1855133739
-1836137884
-1834887683
-1829652773
-1829421897
-1825152876
-1822302373
-1820301769
-1819588844
-1806737214
-1804397584
-1801346791
-1796958805
-1796388213
-1793239815
-1788901186
-1787568810
-1787400771
-1785207258
-1782615598
-1777122267
-1772317459
-1759642113
-1751774556
-1750578186
-1747835393
-1746846398
-1733074064
-1731334006
-1729190377
-1727989086
-1720592120
-1716675320
-1712923546
-1710893249
-1708644767
-1706807524
-1699000136
-1695620930
-1692709857
-1690820110
-1689331326
-1687761808
-1675679822
-1671434517
-1669233970
-1666901491
-1663008350
-1660823148
-1653352717
-1647945645
-1644845750
-1642733785
-1642709644
-1639986397
-1639868234
-1638249605
-1623409628
-1620420524
-1616588636
-1614343541
-1613688088
-1613346355
-1611930423
-1605817354
-1604204141
-1601441028
-1596966881
-1596768319
-1592705282
-1589587324
-1587904568
-1586440621
-1584164599
-1581407870
-1578155831
-1574708004
-1573206158
-1573126567
-1571696221
-1570411863
-1563113518
-1557538876
-1552899011
-1546689411
-1540316544
-1533179194
-1531174145
-1525452153
-1521581632
-1517733042
-1514740978
-1507574668
-1507274332
-1505742185
-1501127860
-1495405968
-1490993479
-1487314880
-1482483410
-1474397585
-1469344166
-1454731197
-1452949422
-1447967829
-1443286434
-1435528894
-1435397080
-1432536678
-1429865988
-1420699939
-1419950901
-1418027406
-1416008916
-1413777281
-1412704968
-1388445512
-1379430115
-1375980552
-1372790230
-1369662020
-1369298694
-1365884561
-1361557230
-1359888451
-1355169989
-1354906308
-1348180221
-1345679185
-1343860404
-1335313513
-1332605782
-1326934804
-1310464890
-1303300394
-1301262116
-1298795230
-1296406712
-1280037961
-1275139963
-1272271525
-1266212389
-1265134779
-1265062436
-1264430539
-1257147729
-1255457086
-1255204123
-1247878766
-1245036618
-1240204894
-1238133446
-1235381431
-1225891618
-1225403410
-1217492515
-1216879594
-1209422814
-1206307958
-1205548979
-1202122332
-1195075860
-1193563050
-1187863064
-1183519414
-1180645245
-1179606449
-1179549761
-1176015607
-1173790478
-1172679766
-1171861375
-1168350790
-1164983710
-1164905354
-1162596761
-1160863582
-1157765798
-1156264970
-1154779495
-1152050005
-1142922293
-1133907308
-1130020526
-1124317415
-1123977928
-1122082277
-1121084648
-1116660238
-1115902857
-1115750849
-1113654163
-1110033260
-1096127627
-1095123640
-1090591684
-1079593786
-1078477097
-1074688869
-1074437120
-1072688446
-1069391561
-1068838238
-1067122686
-1066758435
-1057177728
-1052301487
-1047023007
-1044455331
-1024215134
-1015475195
-1009751893
-1006794183
-1005214695
-994168902
-986418282
-980943427
-980648502
-980079787
-979744107
-972185328
-966065138
-965402337
-965078944
-964747979
-961211721
-953999371
-952666099
-952308665
-951336663
-948329964
-947524566
-942276798
-941092725
-938775145
-937954602
-937562369
-937248004
-920042450
-915639103
-908332319
-907365525
-893127656
-891507798
-883014553
-882286894
-879577231
-878304864
-869293679
-869166531
-867334741
-863176315
-860584097
-857301439
-856230176
-848396661
-847956585
-825650553
-823634776
-818553697
-813392249
-812526880
-804142456
-801679623
-800118736
-796572363
-792594622
-790055396
-783857388
-777942141
-772965925
-769053041
-769046825
-768735193
-768659432
-764283082
-763987760
-757546713
-752943982
-739563065
-726845215
-724606959
-716915564
-714068800
-712880350
-712044817
-711904907
-711493904
-709080629
-703091494
-701543058
-699056660
-697184099
-693382016
-692246662
-690267025
-688156563
-687818736
-684168184
-682546955
-679446280
-679077670
-678955986
-678061145
-675878076
-674557551
-672239998
-667360593
-663920886
-657936783
-636825807
-632591324
-629998221
-627115750
-622658957
-620650311
-615622605
-607623663
-603729202
-602757944
-602234138
-599228194
-597671088
-595756555
-595486806
-589983084
-588896415
-586317966
-570800915
-564085396
-560181606
-559624767
-554509651
-553014486
-548849478
-547587882
-541096284
-531500767
-524332257
-522231235
-516997823
-516903557
-516119142
-515185942
-513354708
-513255566
-512859842
-511416150
-508662749
-504133489
-503541792
-500853600
-499997431
-499009676
-497780219
-496054407
-491621980
-490588467
-488845097
-471675704
-467967344
-466629700
-455880917
-455513160
-453029268
-448006733
-445413680
-443008127
-441953449
-436146363
-434462436
-434208324
-432769339
-425728488
-424812668
-424230380
-422706406
-418092382
-417651613
-417080963
-409821265
-409714751
-409030329
-406799402
-398924251
-398431162
-396859665
-395596800
-393321183
-389733273
-378556416
-378522080
-374497788
-374173783
-362342216
-360249821
-356493025
-353274767
-348904575
-348795992
-340324372
-334472465
-333885108
-329495000
-315848130
-313975328
-313064196
-308414436
-308279222
-306105800
-304133231
-299461187
-298802632
-297845526
-294047035
-293054297
-287692912
-283253674
-267520350
-267210232
-262343596
-260810664
-257756240
-256387510
-249722963
-242940052
-239660978
-238492225
-236191330
-234711485
-233117764
-227177394
-226842310
-222219550
-220586206
-216579673
-202628808
-196609526
-193130832
-192123842
-192051740
-187803202
-180431636
-176820251
-175662353
-165435018
-163345484
-161115322
-158219179
-157890871
-157246029
-154975608
-153888291
-151256568
-144920544
-139506365
-138967027
-138170763
-135072543
-133037807
-114659103
-113009140
-111659473
-111613927
-109999266
-109831713
-108703630
-107958609
-103462198
-95015553
-92464072
-92044001
-89422408
-84085620
-83299212
-82227260
-77526133
-72263265
-70755333
-70104620
-67850586
-66960049
-52616863
-51286724
-48883805
-33800401
-21536021
-18460152
-17687025
-10594719
-8424390
-1862890
-262083
5749492
8713778
9227515
16286030
18649523
20051213
30567802
31287178
33644119
34266798
36242270
37791299
38063380
38934830
43034987
52620076
60738447
60905069
68970067
70548116
79555178
89921927
90435448
91795802
97139576
97979980
98069122
98845038
100829682
100931992
102405628
103589975
106922695
110946429
114146362
117397208
117435120
127096822
129921732
137011993
142022515
148824136
154013644
157111278
162126902
162349919
166575951
167270850
171031635
175108740
180803298
184493764
186900594
194417346
199788837
205531427
206155502
210807554
211371096
214902636
221470092
230132440
238737738
241338154
244431658
248988766
251554380
265455354
268445004
269552575
272270843
277423207
279150420
279531954
279891575
289814413
294444041
295208964
297087317
307493218
311715362
312304087
314657215
316830922
318517781
319175752
320397088
320607887
323270851
333101925
350592958
356436318
363502679
364585376
367256588
368450326
370713179
375105893
378514674
379438339
386919792
389079493
390272039
393002930
395213336
395743591
400860394
401048653
402694022
411280891
413372377
414047475
415629315
422100188
424046182
425067045
426931336
441320837
444015814
444312371
444939676
454173200
455566015
459023742
464860637
465304621
477030359
477040631
481340147
487963938
494857785
497260879
501141909
523357387
523454041
528117957
532774890
535917547
536240031
537631778
537920199
538763172
545952442
548461437
555329794
558352817
560074589
563919542
565283027
572713943
574312383
575061603
579863380
584638553
588002547
588246014
592544168
597436739
600089264
610147445
610854126
615008458
619223011
624574929
629373684
634613882
636638030
638593928
639256090
641951420
646439014
647693277
656744045
659747702
663481675
663874552
665351790
666677506
671343402
671849900
676232431
680581879
683810597
687636349
690911622
691117899
696564614
697639521
699832313
702921573
707071444
710485261
717484500
718195528
720631335
722639871
724980989
729933168
733218682
735488729
741817685
750533908
759651131
762299719
766391190
766600049
774017926
775430989
777506541
778050851
779125016
786345747
786623236
789846493
791360497
791603924
798342164
799514443
802118687
816074967
817907331
821439268
822438578
828841520
829576353
843549406
844942877
847379717
857593907
859725637
862562182
863581452
870531884
871011050
874565343
877790627
879498383
883815421
887352223
894010837
897250781
897941355
899266685
901523479
902250560
903225512
908995279
921012614
921545074
930601546
931941445
935520969
938986711
939647763
943550680
945446685
948905073
949923389
963086326
965010720
969228064
974593682
974984722
977519186
982247979
982437288
995972257
996502346
998318630
1001326954
1011352732
1012687344
1026475942
1028654762
1032039645
1035714547
1037289235
1043700523
1047585071
1050539442
1052648815
1054689424
1056758054
1058523557
1059236781
1063034213
1063206246
1073868857
1081168591
1084159992
1084984302
1085262043
1099463846
1108357573
1117699517
1122176708
1127780324
1131237296
1131420606
1132016913
1135225633
1135763115
1139997445
1140822918
1143814414
1146529376
1146616325
1153443154
1156836900
1166779035
1168008782
1168358507
1168538217
1172010311
1175915452
1178586863
1184315291
1188775914
1191075519
1191704156
1192112270
1197260986
1200447681
1205457460
1215243652
1221780420
1222258887
1223057450
1235186053
1244416180
1248166239
1249201989
1250944977
1258541385
1258696606
1262046845
1264199171
1274396187
1278350231
1282483621
1299020814
1301126827
1302225874
1302379580
1312828759
1321107691
1322637191
1326777639
1326835987
1327956247
1334168404
1334524521
1335412794
1341883214
1343757315
1348408776
1350213412
1350916245
1351380763
1351726098
1358118407
1361241947
1361747259
1364759713
1370227944
1391696766
1403143573
1412286799
1426969968
1429141222
1445850258
1447929171
1451079095
1455033363
1459529660
1460321823
1460541481
1467223628
1467952096
1476464021
1477597746
1477811522
1479474525
1481324606
1485406715
1486388061
1487390039
1491905137
1494079916
1497226883
1498630664
1503325715
1507530498
1510683395
1517565603
1521452132
1522305226
1528732600
1528864456
1530591754
1536250927
1542704789
1543838167
1544029675
1545167146
1545356525
1546400797
1548100702
1552450118
1556140055
1556214679
1558741494
1560429365
1560535531
1563688562
1580243345
1593834594
1594818189
1596013671
1603883438
1604538404
1605330779
1605593981
1608489171
1614564699
1622291177
1623137981
1623218148
1625388616
1630428491
1639421404
1640126686
1646755060
1662111160
1663263087
1671021194
1672508276
1674764136
1677255627
1684736634
1685241304
1689090645
1693580082
1694106408
1696749152
1698641896
1712248982
1719896727
1720133791
1724875965
1725520825
1730001955
1730595131
1735823626
1743543370
1751754807
1756104503
1766770855
1768725979
1770143476
1777493839
1778624200
1790083032
1797934630
1802284457
1810092774
1813975300
1822578966
1824874481
1826115915
1826684763
1832894384
1835455978
1835804161
1835810313
1836932249
1838699456
1840650610
1845683538
1848640752
1853360372
1877898499
1883692799
1884504242
1887890465
1891785994
1892060798
1893816589
1894481881
1895225526
1901627120
1906687620
1906915829
1907336198
1908530662
1909985448
1922462598
1925020843
1926041872
1926204076
1929550981
1931453920
1932548142
1933085896
1936690364
1936838952
1940417244
1940774412
1940944875
1941992108
1944644384
1952387904
1952875972
1954406609
1962980354
1964103713
1967396713
1970066960
1972674697
1973523756
1978929790
1979075610
1980324335
1981111027
1988236220
1991319346
1999994435
2007023828
2007126210
2012174198
2015928445
2021325940
2022787357
2027684033
2033228168
2046724974
2052185271
2058059694
2062993093
2063690715
2065348410
2066227777
2066748916
2068682503
2074209871
2096943422
2099628136
2100970683
2107089814
2108504845
2108790423
2109047912
2110160459
2114862629
2116347454
2123698248
2125180194
2127564054
2130682828
2130953262
2138066278
2145106556